16
8
8
60.21518987341772 56.40506329113924 55.49367088607595 55.18987341772152 56.050632911392405 56.79746835443038 55.822784810126585 57.139240506329116 
59.265822784810126 56.48101265822785 55.848101265822784 55.08860759493671 55.55696202531646 56.45569620253165 56.12658227848101 57.63291139240506 
59.55696202531646 57.54430379746835 57.35443037974684 56.0126582278481 55.69620253164557 55.822784810126585 56.10126582278481 58.392405063291136 
60.55696202531646 57.962025316455694 57.164556962025316 56.54430379746835 56.24050632911393 55.59493670886076 55.721518987341774 58.139240506329116 
60.848101265822784 58.0 56.29113924050633 56.29113924050633 55.77215189873418 54.721518987341774 54.46835443037975 57.22784810126582 
60.848101265822784 58.721518987341774 56.58227848101266 56.265822784810126 55.41772151898734 54.164556962025316 54.20253164556962 56.89873417721519 
62.0126582278481 60.050632911392405 57.75949367088607 57.0126582278481 56.822784810126585 56.11392405063291 55.924050632911396 57.69620253164557 
64.0 62.43037974683544 60.08860759493671 59.139240506329116 59.08860759493671 58.45569620253165 58.25316455696203 59.51898734177215 
89.20942408376963 89.47643979057591 89.32460732984293 88.62303664921465 88.96858638743456 89.27225130890052 89.12565445026178 90.282722513089 
89.69633507853403 89.282722513089 88.40314136125654 87.36649214659685 87.86910994764398 88.96858638743456 89.46596858638743 90.25130890052355 
89.87958115183245 88.61780104712042 87.31937172774869 86.33507853403141 87.05235602094241 88.09947643979058 89.36125654450262 90.4869109947644 
89.8848167539267 87.85340314136126 86.64921465968587 86.47120418848168 86.73821989528795 87.02094240837697 88.46596858638743 90.00523560209425 
89.40314136125654 87.27225130890052 86.23560209424083 86.43455497382199 86.40837696335079 86.24607329842932 86.91099476439791 88.68586387434554 
89.26178010471205 87.56544502617801 86.64397905759162 86.74869109947645 86.56544502617801 86.17801047120419 86.57068062827226 88.14659685863874 
89.90052356020942 88.37696335078535 87.35078534031413 87.282722513089 86.8586387434555 86.57591623036649 87.04712041884817 88.06806282722513 
90.7696335078534 89.16230366492147 87.7696335078534 87.59162303664921 87.55497382198953 87.49214659685863 87.98429319371728 88.23560209424083 
111.96808510638297 110.28191489361703 110.07446808510639 109.34042553191489 107.94680851063829 107.02127659574468 107.80851063829788 109.2872340425532 
112.44680851063829 110.02659574468085 109.30319148936171 108.9627659574468 107.59042553191489 107.51595744680851 108.19148936170212 109.72340425531915 
112.92021276595744 110.17553191489361 108.93085106382979 108.38829787234043 107.60106382978724 107.76595744680851 108.19148936170212 109.38829787234043 
113.83510638297872 110.84042553191489 109.1436170212766 108.5 108.2127659574468 108.52659574468085 108.98404255319149 110.0372340425532 
115.08510638297872 111.2872340425532 109.3936170212766 108.87765957446808 109.08510638297872 109.1063829787234 109.93085106382979 111.25 
115.90957446808511 111.98404255319149 110.02127659574468 109.27659574468085 109.52127659574468 109.26595744680851 110.17553191489361 111.2872340425532 
115.63297872340425 112.45212765957447 110.78191489361703 109.97872340425532 109.85106382978724 109.8936170212766 110.69148936170212 112.01595744680851 
115.16489361702128 113.15957446808511 111.55319148936171 110.52659574468085 110.68617021276596 110.94680851063829 111.88829787234043 113.80851063829788 
132.50980392156862 131.8156862745098 131.82745098039214 130.86274509803923 131.1529411764706 131.24313725490197 131.81960784313725 132.3686274509804 
131.49803921568628 130.51764705882354 130.64313725490197 129.78823529411764 130.09411764705882 130.5921568627451 131.3921568627451 132.06274509803922 
129.83529411764707 129.8862745098039 129.74117647058824 129.38039215686274 129.59607843137255 130.1137254901961 130.65098039215687 130.72549019607843 
128.33333333333334 129.30588235294118 129.0 129.1450980392157 129.03529411764706 129.55686274509804 130.0313725490196 129.2980392156863 
128.35294117647058 128.68235294117648 128.65098039215687 128.65098039215687 128.81176470588235 129.4470588235294 129.86274509803923 128.89411764705883 
127.70980392156862 127.98039215686275 128.0705882352941 128.30196078431374 129.16470588235293 129.16470588235293 129.76078431372548 128.72156862745098 
127.2235294117647 127.45098039215686 127.51764705882353 127.95686274509804 129.0235294117647 128.78823529411764 129.4392156862745 128.89019607843136 
128.50588235294117 127.58039215686274 127.36078431372549 127.07450980392157 128.5529411764706 128.3843137254902 129.05490196078432 128.99607843137255 
146.67848699763593 146.49881796690306 146.96217494089834 147.0401891252955 147.76359338061465 147.7163120567376 147.6950354609929 147.97163120567376 
146.2080378250591 146.07328605200945 146.31914893617022 146.70685579196217 147.4066193853428 147.5744680851064 147.58392434988178 147.77541371158392 
145.55555555555554 145.4018912529551 145.58156028368793 145.67139479905438 146.63120567375887 147.08983451536642 147.24586288416074 147.37115839243498 
144.8841607565012 144.5177304964539 144.86052009456264 144.7872340425532 145.39716312056737 145.7612293144208 146.37825059101655 146.5224586288416 
144.5224586288416 143.7565011820331 144.2387706855792 144.86997635933807 145.0921985815603 145.06855791962175 145.9338061465721 146.29550827423168 
143.98345153664303 142.91489361702128 142.92671394799055 143.51063829787233 143.9290780141844 143.93617021276594 144.645390070922 145.36406619385343 
143.82269503546098 143.12056737588654 142.5744680851064 142.8581560283688 143.6146572104019 143.61229314420802 144.23640661938535 144.87943262411346 
143.93853427895982 143.2080378250591 142.10401891252954 142.9290780141844 143.96217494089834 143.53191489361703 144.47044917257682 145.16075650118202 
192.25641025641025 183.4102564102564 169.51282051282053 153.94871794871796 141.2051282051282 131.64102564102564 124.3076923076923 121.97435897435898 
196.82051282051282 189.74358974358975 174.53846153846155 155.33333333333334 139.46153846153845 128.5897435897436 119.76923076923077 118.0 
201.35897435897436 195.92307692307693 179.74358974358975 158.48717948717947 138.6153846153846 126.07692307692308 116.35897435897436 113.17948717948718 
200.2051282051282 197.7948717948718 185.97435897435898 166.0 142.97435897435898 126.56410256410257 115.35897435897436 109.97435897435898 
201.12820512820514 197.48717948717947 187.53846153846155 166.69230769230768 143.69230769230768 125.56410256410257 113.76923076923077 109.76923076923077 
201.51282051282053 195.56410256410257 186.64102564102564 166.89743589743588 149.46153846153845 132.5897435897436 116.76923076923077 112.48717948717949 
199.43589743589743 194.7948717948718 186.71794871794873 166.0 148.33333333333334 131.7948717948718 117.07692307692308 114.25641025641026 
192.71794871794873 188.3846153846154 179.89743589743588 161.3846153846154 145.71794871794873 131.84615384615384 119.66666666666667 115.94871794871794 
155.8922495274102 155.38563327032136 155.18714555765595 154.5671077504726 154.6351606805293 154.42722117202268 154.468809073724 154.82608695652175 
156.22306238185254 155.66918714555766 155.23251417769376 154.7750472589792 154.72778827977316 154.4102079395085 154.5500945179584 154.86389413988658 
156.7977315689981 156.37618147448015 155.7523629489603 155.35160680529302 155.1890359168242 154.8336483931947 155.15879017013233 155.07939508506615 
156.9224952741021 156.86578449905483 156.36672967863893 155.76748582230624 155.4007561436673 155.20604914933838 155.38563327032136 155.296786389414 
157.07183364839318 157.2930056710775 157.0775047258979 156.23629489603024 155.84877126654064 155.65595463137996 155.48960302457468 155.60491493383742 
157.53686200378073 157.40831758034025 157.18336483931947 156.57466918714556 156.28733459357278 156.00756143667297 155.70132325141776 155.66351606805293 
158.1436672967864 157.85066162570888 157.55387523629489 157.19281663516068 156.8431001890359 156.52930056710775 156.33081285444234 155.99432892249527 
158.16446124763706 158.0 157.91493383742912 157.38941398865785 156.937618147448 156.55954631379961 156.33837429111531 156.1852551984877 
162.77435064935065 162.63474025974025 163.39935064935065 164.0909090909091 165.57792207792207 166.6931818181818 167.10227272727272 166.75 
162.14935064935065 162.39935064935065 163.13636363636363 163.9805194805195 165.6055194805195 166.33603896103895 166.82305194805195 166.6883116883117 
161.9042207792208 162.21915584415584 162.56980519480518 163.67857142857142 165.42532467532467 166.11201298701297 166.54383116883116 166.48214285714286 
161.73701298701297 161.76785714285714 162.29707792207793 163.5568181818182 165.15746753246754 165.81980519480518 166.3409090909091 166.5275974025974 
161.0681818181818 161.07305194805195 161.99512987012986 163.44155844155844 164.75 165.53084415584416 166.0422077922078 166.46266233766235 
160.4659090909091 160.79707792207793 161.74837662337663 163.0633116883117 164.41396103896105 165.5146103896104 165.7840909090909 165.99837662337663 
160.3685064935065 160.90097402597402 161.70454545454547 162.50162337662337 164.0827922077922 165.2987012987013 165.55357142857142 165.54545454545453 
160.2305194805195 160.6396103896104 161.42045454545453 162.12987012987014 163.87824675324674 164.86525974025975 165.02272727272728 164.9577922077922 
171.43434343434345 171.32210998877665 171.3804713804714 171.21099887766553 171.22558922558923 171.19640852974186 171.34792368125702 170.97643097643098 
171.4320987654321 171.41975308641975 171.2828282828283 171.07968574635242 171.14141414141415 171.2233445566779 171.2267115600449 170.9483726150393 
171.41526374859708 171.4781144781145 171.19640852974186 171.03367003367003 171.1919191919192 171.10662177328845 171.06172839506172 171.03367003367003 
171.60493827160494 171.4949494949495 171.29854096520762 171.24579124579125 171.31762065095398 171.07182940516273 171.013468013468 171.1290684624018 
171.65768799102133 171.50953984287318 171.56004489337823 171.4186307519641 171.4006734006734 171.21324354657688 171.03367003367003 171.03928170594838 
171.69809203142538 171.55667789001123 171.6374859708193 171.4702581369248 171.56677890011224 171.5084175084175 171.17508417508418 170.98316498316498 
171.62850729517396 171.48260381593715 171.42760942760944 171.3827160493827 171.5218855218855 171.58249158249157 171.24466891133557 170.76543209876544 
171.56004489337823 171.47586980920315 171.43097643097644 171.35016835016836 171.42985409652076 171.44556677890012 171.20875420875421 170.90684624017956 
180.82843894899537 180.63833075734158 180.46058732612056 180.4791344667697 180.60123647604328 180.09273570324575 179.65842349304484 179.48840803709427 
180.76661514683153 180.58114374034002 180.3786707882535 180.27202472952087 180.29211746522412 180.0030911901082 179.49922720247295 179.05873261205565 
180.63833075734158 180.34466769706336 180.0030911901082 179.79134466769708 179.75425038639875 179.5224111282844 179.19629057187018 178.71715610510046 
180.53013910355486 180.08346213292117 179.65687789799074 179.29675425038639 179.11591962905717 178.90880989180835 178.7758887171561 178.39258114374033 
180.23338485316847 179.8454404945904 179.35085007727974 178.86553323029366 178.71097372488407 178.5193199381762 178.39721792890262 178.0030911901082 
179.93508500772796 179.51313755795982 179.032457496136 178.48531684698608 178.41731066460588 178.1823802163833 178.00772797527048 177.7434312210201 
179.49149922720247 178.9721792890263 178.64605873261206 178.2163833075734 178.10200927357033 177.79443585780527 177.58578052550232 177.41731066460588 
178.98918083462132 178.41731066460588 178.31066460587326 177.95054095826893 177.9304482225657 177.58268933539412 177.33075734157651 177.1530139103555 
178.74418604651163 179.99003322259136 182.24916943521595 183.74750830564784 185.7906976744186 186.9734219269103 188.19601328903656 188.78405315614617 
178.75083056478405 180.28571428571428 182.51827242524917 184.41196013289036 186.10963455149502 187.27906976744185 188.4418604651163 188.6345514950166 
178.7906976744186 180.22259136212625 182.44850498338872 184.78405315614617 186.69435215946845 187.7607973421927 188.9235880398671 188.88372093023256 
178.9202657807309 179.95016611295682 182.19601328903656 184.7607973421927 187.16943521594683 188.51495016611295 189.56810631229237 189.46511627906978 
179.09634551495017 180.08970099667775 182.6046511627907 184.84717607973423 187.156146179402 189.06976744186048 190.04651162790697 190.01993355481727 
179.53488372093022 180.66777408637873 183.43853820598008 185.421926910299 187.04983388704318 188.98671096345515 190.1295681063123 190.43521594684384 
180.3156146179402 181.44850498338872 183.9966777408638 186.0265780730897 187.37541528239203 188.98671096345515 190.31229235880397 190.67774086378736 
180.8405315614618 181.734219269103 183.84717607973423 185.84717607973423 187.6013289036545 189.0033222591362 190.32225913621264 190.4252491694352 
194.96242774566474 194.42485549132948 194.03468208092485 193.39017341040463 193.13294797687863 192.29768786127167 191.20520231213874 190.19653179190752 
195.33815028901734 194.9306358381503 194.43930635838151 193.82658959537574 193.32947976878611 192.54335260115607 191.45664739884393 190.41907514450867 
195.34104046242774 195.16763005780348 194.65606936416185 193.8815028901734 193.42196531791907 192.4508670520231 191.29479768786126 190.26589595375722 
195.01156069364163 194.83236994219652 194.35549132947978 193.47976878612718 192.96820809248555 192.02312138728323 190.92196531791907 189.9508670520231 
194.6184971098266 194.35549132947978 194.0057803468208 193.14450867052022 192.59826589595374 191.72543352601156 190.61560693641619 189.71387283236993 
194.20809248554914 193.9306358381503 193.70809248554914 192.90173410404626 192.27745664739885 191.2601156069364 190.0693641618497 189.0549132947977 
193.85260115606937 193.46531791907515 193.10693641618496 192.47398843930637 191.7398843930636 190.76878612716763 189.72832369942196 188.59826589595374 
193.42485549132948 193.01445086705203 192.66473988439307 192.01734104046244 191.39017341040463 190.39884393063585 189.59826589595374 188.4306358381503 
202.63779527559055 202.82677165354332 203.6811023622047 203.76377952755905 204.81102362204723 205.06299212598427 205.21259842519686 204.8228346456693 
202.6811023622047 203.10236220472441 203.85433070866142 204.18503937007873 204.50787401574803 204.74409448818898 204.88976377952756 204.8188976377953 
203.04724409448818 203.40551181102362 204.3031496062992 204.60629921259843 204.751968503937 204.58267716535434 204.82677165354332 204.60236220472441 
203.54724409448818 203.748031496063 204.54330708661416 204.99606299212599 205.15748031496062 204.6968503937008 204.85826771653544 204.33858267716536 
203.75984251968504 204.09448818897638 204.9763779527559 205.50787401574803 205.43700787401573 205.07874015748033 205.06299212598427 204.62992125984252 
203.20866141732284 203.75984251968504 204.72834645669292 205.35826771653544 205.31102362204723 205.2795275590551 205.3740157480315 205.0551181102362 
202.01181102362204 202.5 203.55905511811022 203.9724409448819 204.248031496063 204.5708661417323 204.59448818897638 204.3779527559055 
201.73228346456693 202.248031496063 203.20472440944883 203.32677165354332 203.93700787401573 204.2755905511811 204.19291338582678 203.9763779527559 
218.2466216216216 218.65878378378378 219.375 219.6216216216216 219.75 219.48986486486487 218.88851351351352 218.20945945945945 
218.5777027027027 218.85472972972974 219.32432432432432 219.44256756756758 219.5810810810811 219.46959459459458 218.88513513513513 218.2027027027027 
218.02702702702703 218.375 218.80743243243242 218.8918918918919 219.07432432432432 218.92905405405406 218.33445945945945 217.59797297297297 
217.20945945945945 217.75675675675674 218.2533783783784 218.27364864864865 218.36824324324326 218.28378378378378 217.6689189189189 216.90878378378378 
216.44256756756758 217.15540540540542 217.8716216216216 217.88851351351352 217.90202702702703 217.71959459459458 216.98648648648648 216.19932432432432 
215.34459459459458 216.125 216.97972972972974 217.19932432432432 217.28378378378378 216.96283783783784 216.15202702702703 215.30067567567568 
214.2972972972973 214.8918918918919 215.73986486486487 216.15540540540542 216.36824324324326 216.09459459459458 215.28378378378378 214.38851351351352 
213.85135135135135 214.2533783783784 215.17567567567568 215.49324324324326 215.95945945945945 215.6081081081081 214.95945945945945 213.94594594594594 
228.7969543147208 228.99238578680203 229.36294416243655 229.53299492385787 229.60406091370558 229.39086294416245 228.8223350253807 228.18781725888326 
228.746192893401 228.95939086294416 229.3223350253807 229.5964467005076 229.74111675126903 229.56598984771574 228.98984771573603 228.4010152284264 
228.87055837563452 228.99238578680203 229.3451776649746 229.63451776649745 229.8451776649746 229.7055837563452 229.1522842639594 228.51522842639594 
228.7233502538071 228.748730964467 229.03553299492387 229.2994923857868 229.51776649746193 229.36294416243655 228.92131979695432 228.246192893401 
228.7233502538071 228.73096446700507 228.98984771573603 229.28934010152284 229.53553299492387 229.41116751269035 228.98730964467006 228.3477157360406 
228.16751269035532 228.2055837563452 228.54060913705584 228.86548223350255 229.10152284263958 228.96954314720813 228.54314720812184 227.92131979695432 
228.03045685279187 228.11928934010152 228.4010152284264 228.73857868020303 228.90862944162436 228.73604060913706 228.39340101522842 227.7284263959391 
227.89593908629442 228.03299492385787 228.2969543147208 228.58121827411168 228.68781725888326 228.53045685279187 228.2030456852792 227.57868020304568 
239.98863636363637 240.10795454545453 240.5965909090909 240.7840909090909 241.375 241.1590909090909 240.25 239.07386363636363 
240.36363636363637 240.4090909090909 240.6590909090909 241.01704545454547 241.5284090909091 241.51136363636363 240.7443181818182 239.85795454545453 
240.27272727272728 240.3693181818182 240.5625 240.9715909090909 241.5056818181818 241.67613636363637 241.11363636363637 240.4431818181818 
240.0568181818182 240.10227272727272 240.4318181818182 240.80113636363637 241.2840909090909 241.4943181818182 241.07954545454547 240.5284090909091 
239.9431818181818 239.98863636363637 240.39772727272728 240.79545454545453 241.23863636363637 241.30113636363637 240.9318181818182 240.5625 
239.7443181818182 239.77272727272728 240.1818181818182 240.71022727272728 241.14204545454547 241.14204545454547 240.85795454545453 240.6534090909091 
239.3409090909091 239.32954545454547 239.75 240.35795454545453 240.82954545454547 240.875 240.73863636363637 240.5284090909091 
239.125 238.9375 239.4715909090909 239.9715909090909 240.5625 240.60227272727272 240.64772727272728 240.41477272727272 
75
75
14 14 14 14 14 14 14 14 14 14 14 14 14 14 14 14 14 14 14 14 14 14 14 14 14 14 14 14 14 14 14 14 14 14 14 14 14 14 14 14 14 14 14 14 14 14 14 14 14 14 14 14 14 14 14 14 14 14 14 14 14 14 14 14 14 13 13 13 13 13 13 13 13 13 13 
14 14 14 14 14 14 14 14 14 14 14 14 14 14 14 14 14 14 14 14 14 14 14 14 14 14 14 14 14 14 14 14 14 14 14 14 14 14 14 14 14 14 14 14 14 14 14 14 14 14 14 14 14 14 14 14 14 14 14 14 14 13 13 13 13 13 13 13 13 13 13 13 13 12 12 
14 14 14 14 14 14 14 14 14 14 14 14 14 14 14 14 14 14 14 14 14 14 14 14 14 14 14 14 14 14 14 14 14 14 14 14 14 14 14 14 14 14 14 14 14 14 14 14 14 14 14 14 14 14 14 14 13 13 13 13 13 13 13 13 13 12 12 12 12 12 12 12 12 11 11 
14 14 14 14 14 14 14 14 14 14 14 14 14 14 14 14 14 14 14 14 14 14 14 14 14 14 14 14 14 14 14 14 14 14 14 14 14 14 14 14 14 14 14 14 14 14 14 13 13 13 13 13 13 13 13 13 13 13 13 13 13 12 12 12 12 12 12 12 11 11 11 11 11 11 10 
13 13 13 13 13 13 13 13 13 13 13 13 13 13 13 13 13 13 13 13 13 13 13 13 13 13 13 13 13 13 13 13 13 13 13 13 13 13 13 13 13 13 13 13 13 13 13 13 13 13 13 13 13 13 13 12 12 12 12 12 12 12 11 11 11 11 11 11 10 9 9 9 9 9 8 
13 13 13 13 13 13 13 13 13 13 13 13 13 13 13 13 13 13 13 13 13 13 13 13 13 13 13 13 13 13 13 13 13 13 13 13 13 13 13 13 13 13 13 13 13 13 13 12 12 12 12 12 12 12 12 12 11 11 11 11 11 11 11 10 9 9 9 9 9 8 8 7 7 7 7 
12 12 12 12 12 12 12 12 12 12 12 12 12 12 12 12 12 12 12 12 12 12 12 12 12 12 12 12 12 12 12 12 12 12 12 12 12 12 12 12 12 12 12 12 12 12 12 12 11 11 11 11 11 11 11 11 10 10 9 9 9 9 9 9 8 8 8 7 7 7 6 6 6 6 6 
11 11 11 11 11 11 11 11 11 11 11 11 11 11 11 11 11 11 11 11 11 11 11 11 11 11 11 11 11 11 11 11 11 11 11 11 11 11 11 11 11 11 11 11 11 11 11 11 10 9 10 9 9 9 9 9 8 8 8 8 8 8 8 8 7 7 7 6 6 6 6 4 4 4 4 
9 9 9 9 9 9 9 9 9 9 9 9 9 9 9 9 9 9 9 9 9 9 9 9 9 9 9 9 9 9 9 9 9 9 9 9 9 9 9 9 9 9 9 9 9 9 9 9 8 8 8 7 7 7 7 7 6 6 6 7 7 7 7 6 6 6 6 4 4 4 4 4 3 3 3 
8 8 8 8 8 8 8 8 8 8 8 8 7 7 7 7 7 7 7 7 7 7 7 7 7 7 8 8 8 8 8 8 8 8 8 8 8 8 7 7 7 7 8 7 7 7 7 7 7 7 6 6 6 6 4 4 4 4 4 4 6 6 4 4 4 4 4 4 4 3 3 3 3 3 2 
7 6 6 6 6 6 6 6 6 6 6 6 6 4 4 4 4 4 4 4 4 4 4 6 6 6 6 6 6 6 6 6 6 6 6 6 6 6 6 6 6 6 6 6 6 4 4 6 4 4 4 4 4 4 4 4 4 4 4 4 4 4 4 4 4 4 4 3 3 3 3 3 2 2 2 
4 4 4 4 4 4 4 4 4 4 4 4 4 4 4 4 4 4 4 4 4 4 4 4 4 4 4 4 6 6 6 6 6 6 6 6 4 4 4 4 4 4 4 4 4 4 4 4 4 4 4 4 4 4 4 3 3 3 3 3 3 3 3 3 3 3 3 3 3 3 2 2 2 2 2 
4 4 4 4 4 4 4 4 4 4 4 4 4 4 4 4 4 4 4 4 4 4 4 4 4 6 6 6 6 6 6 6 6 6 6 6 6 6 6 6 6 6 6 4 4 4 4 4 4 4 4 4 4 3 3 3 3 3 3 3 3 3 3 3 3 3 3 2 2 2 2 2 1 1 1 
4 4 4 4 4 4 4 4 4 4 4 4 4 4 4 4 6 6 6 6 6 6 6 6 6 6 7 7 7 7 7 7 7 7 7 7 7 7 7 6 6 6 6 6 6 6 6 6 4 4 4 4 4 3 3 3 3 3 3 3 3 3 3 3 3 2 2 2 2 2 1 1 1 1 1 
6 6 6 6 6 6 6 6 6 6 6 6 6 6 6 6 6 6 6 6 6 7 7 7 7 8 8 8 8 8 8 8 10 10 12 12 12 12 11 9 7 7 7 6 6 6 6 6 4 4 4 4 3 3 3 3 3 3 2 2 3 2 2 2 2 2 2 1 1 1 1 1 1 1 1 
6 6 6 6 6 6 6 6 6 6 6 6 6 6 6 7 7 7 7 7 7 7 8 8 8 8 10 10 11 10 10 14 14 15 15 15 14 15 15 15 14 12 12 13 11 6 6 6 4 4 4 4 3 3 3 3 2 2 2 2 2 2 2 2 1 1 1 1 1 1 1 1 1 0 0 
7 7 7 7 7 7 7 7 7 7 7 7 7 7 7 7 8 8 8 8 8 9 9 9 10 10 12 14 15 15 14 14 14 15 15 15 15 15 15 15 15 15 15 15 15 12 6 6 4 4 3 3 3 3 2 2 2 2 2 2 2 2 1 1 1 1 1 1 1 1 0 0 0 0 0 
8 8 8 8 8 8 8 8 8 8 7 7 8 8 8 8 8 8 9 9 9 10 10 11 11 12 13 14 14 14 14 14 14 15 15 15 15 15 15 15 15 15 15 15 14 14 12 6 4 4 3 3 2 2 2 2 1 1 1 1 1 1 1 1 1 1 1 1 0 0 0 0 0 0 0 
8 8 8 8 8 8 8 8 8 8 8 8 8 8 8 9 9 9 10 10 10 11 11 12 13 13 13 14 14 13 13 13 14 14 15 15 15 15 15 15 15 15 15 15 15 15 14 14 12 11 4 3 2 2 2 1 1 1 1 1 1 1 1 1 1 1 0 0 0 0 0 0 0 0 0 
8 8 8 8 8 8 8 8 8 8 8 8 8 8 9 9 9 10 10 10 11 12 12 13 12 12 12 12 12 12 12 12 14 14 15 14 14 15 15 15 15 15 15 14 14 14 14 14 14 14 11 3 2 2 2 2 1 1 1 1 1 1 1 1 1 1 1 0 0 0 0 0 0 0 0 
8 8 8 8 8 8 8 8 8 8 8 8 8 8 9 9 9 10 10 11 12 13 11 11 9 10 11 9 10 11 12 13 13 15 15 15 14 15 15 15 14 15 15 15 13 14 14 13 13 13 13 5 2 2 2 2 2 2 2 2 1 1 1 1 1 1 1 1 1 0 0 0 0 0 0 
8 8 8 8 8 8 8 8 8 8 8 8 8 8 9 9 9 10 10 11 12 9 7 8 8 10 11 9 10 12 13 13 9 13 14 15 15 14 15 13 12 13 15 15 14 13 14 13 12 12 12 4 2 2 2 2 2 2 2 2 2 2 2 1 1 1 1 1 1 1 1 1 1 1 0 
8 8 8 8 8 8 8 8 8 8 8 8 8 8 8 9 9 10 10 11 9 8 8 7 9 9 11 4 11 12 11 5 2 7 14 15 15 15 15 13 5 1 7 14 14 12 14 13 12 12 13 5 3 2 2 2 2 2 2 2 2 2 2 2 2 2 1 1 1 1 1 1 1 1 1 
8 8 8 8 8 8 8 8 8 8 8 8 8 8 9 9 9 10 11 11 8 8 9 7 10 11 9 7 10 11 5 0 0 7 15 15 15 15 15 15 5 0 1 12 13 7 14 12 11 11 12 5 3 3 3 3 3 3 3 3 3 3 2 2 2 2 2 2 2 2 1 1 1 1 1 
8 8 8 8 8 8 8 8 8 8 8 8 8 8 8 9 9 10 11 12 8 6 4 7 10 11 4 4 8 7 2 1 2 13 15 15 15 15 15 15 15 11 12 14 14 2 10 13 11 12 11 6 3 3 3 3 3 3 3 3 3 3 3 3 3 3 3 3 2 2 2 2 2 2 2 
7 7 8 8 8 8 8 8 8 8 8 8 8 8 9 9 9 10 11 11 11 4 4 6 10 9 2 4 10 9 10 11 12 14 15 15 15 15 15 15 15 15 14 14 15 2 4 13 9 11 9 4 4 4 4 4 4 4 4 4 4 4 4 4 4 4 3 3 3 3 3 3 3 3 2 
7 7 8 8 8 8 8 8 8 8 8 8 8 8 9 9 9 10 11 11 12 5 3 7 12 5 2 7 12 11 10 13 13 14 14 13 7 3 4 12 15 15 15 15 15 5 3 13 11 11 6 6 6 6 6 6 6 6 6 6 6 6 6 6 4 4 4 4 4 4 4 4 3 3 3 
7 8 8 8 8 8 8 8 8 8 8 8 8 8 9 9 9 10 11 11 12 11 4 10 11 6 2 10 11 10 13 12 12 14 12 2 1 1 1 2 13 15 14 14 14 5 6 10 13 9 7 6 6 6 6 6 6 6 6 6 6 6 6 6 6 6 6 6 6 4 4 4 4 4 4 
7 8 8 8 8 8 8 8 8 8 8 8 9 9 9 9 9 10 10 11 12 12 8 10 11 11 3 10 11 12 12 11 12 13 5 0 0 0 0 0 10 15 15 13 13 5 6 7 14 9 7 7 7 7 7 7 7 7 7 7 6 6 6 6 6 6 6 6 6 6 6 6 6 6 4 
7 7 8 8 8 8 8 9 9 9 9 9 9 9 9 9 9 10 10 11 11 12 11 11 10 11 4 8 8 9 9 10 12 12 8 1 0 0 0 1 10 14 15 12 12 5 7 8 13 11 7 7 7 7 7 7 7 7 7 7 7 7 7 7 6 6 6 6 6 6 6 6 6 6 6 
7 7 8 8 8 8 9 9 9 9 9 9 9 9 9 9 9 10 10 11 11 12 12 9 13 13 6 7 8 6 7 10 11 8 7 3 0 0 0 1 7 13 14 12 13 11 10 11 9 12 8 7 7 7 7 7 7 7 7 7 7 7 7 7 7 7 7 7 6 6 6 6 6 6 6 
7 7 8 8 8 9 9 9 9 9 9 9 10 9 9 9 9 10 10 11 11 12 9 12 14 14 9 6 7 6 4 7 9 7 6 3 1 1 1 1 7 12 13 12 12 11 13 14 9 10 8 7 7 7 7 7 7 7 7 7 7 7 7 7 7 7 7 7 7 6 6 6 6 6 6 
7 7 8 8 9 9 9 9 10 10 10 10 10 10 10 10 10 10 10 11 11 12 12 13 14 14 11 8 6 7 6 2 7 6 3 2 1 0 0 1 4 10 9 13 13 13 15 15 13 8 8 8 7 7 8 8 8 8 8 7 7 7 7 7 7 7 7 7 7 6 6 6 6 6 6 
7 7 8 8 8 9 9 9 10 10 10 10 10 10 10 10 10 10 11 11 11 12 12 14 14 13 12 8 6 7 8 1 1 3 2 1 0 0 0 1 2 2 7 13 13 14 15 15 14 9 8 7 8 8 8 8 8 8 8 8 8 8 8 7 7 7 7 7 7 7 6 6 6 6 6 
7 7 7 8 8 8 9 9 9 10 10 10 10 10 10 10 10 10 11 11 11 12 13 14 13 13 12 9 7 9 8 2 0 0 2 2 2 0 1 2 7 2 12 13 13 14 15 15 15 11 7 7 8 8 8 8 8 8 8 7 8 8 8 8 7 7 7 7 6 6 6 6 7 7 6 
7 7 7 8 8 8 9 9 9 10 10 10 10 10 10 10 10 10 11 11 12 12 13 14 13 12 11 11 8 7 7 6 1 0 3 6 6 2 3 6 8 3 12 13 14 14 15 15 15 12 8 7 8 8 8 8 8 8 8 8 8 8 8 8 7 7 7 7 7 6 6 6 7 7 6 
7 7 7 7 8 8 9 9 9 9 9 9 9 9 9 9 10 11 11 11 12 12 14 13 12 12 11 11 9 7 4 7 2 0 1 12 12 5 6 8 5 10 13 13 14 15 15 15 15 14 9 8 8 8 8 8 8 8 8 8 7 7 8 8 7 7 7 7 7 7 7 7 7 7 6 
7 7 7 7 8 8 9 9 9 9 9 9 9 9 9 10 11 11 11 11 12 13 14 13 12 12 11 11 8 7 4 4 4 1 0 10 13 12 10 10 5 10 13 14 14 15 15 15 15 15 9 7 8 8 8 8 8 8 8 8 8 8 8 7 8 8 7 7 7 7 7 7 7 7 7 
7 7 7 7 8 8 9 9 9 10 9 9 9 9 9 9 10 10 11 11 12 13 13 13 12 13 11 11 9 6 3 3 4 3 0 2 13 13 11 8 2 12 14 14 15 15 15 15 15 15 9 8 8 8 8 8 8 8 8 8 8 8 8 8 8 8 8 8 8 8 8 8 8 7 7 
7 7 7 7 8 8 8 8 9 9 9 9 9 9 9 9 9 9 10 10 11 13 13 12 11 11 11 11 9 6 3 2 1 3 2 0 1 4 3 1 10 13 14 14 15 15 15 15 15 15 11 8 8 8 9 9 8 8 8 8 8 8 8 8 8 8 8 8 8 8 8 8 8 8 7 
7 7 7 7 8 8 8 8 9 9 8 8 8 8 8 8 8 9 9 10 11 13 12 11 11 11 10 11 9 6 3 1 2 3 3 3 1 0 2 10 12 12 13 14 14 14 15 15 15 15 13 8 9 9 9 9 8 8 8 8 8 8 8 8 8 8 8 9 9 9 9 9 8 8 8 
7 7 8 8 8 8 8 8 9 8 8 8 8 8 8 8 8 9 8 10 11 12 11 10 11 11 9 9 8 6 3 3 2 4 3 3 4 4 8 10 9 12 13 13 14 14 15 15 15 15 15 11 9 9 9 9 9 9 8 8 8 8 8 8 9 9 9 9 9 9 9 9 9 9 9 
8 8 8 8 8 8 9 9 9 8 8 8 8 8 8 8 8 8 8 9 11 12 9 10 11 11 9 8 8 4 3 4 4 6 6 6 6 6 7 10 11 10 12 13 13 14 14 15 15 15 15 14 11 9 9 9 9 9 9 8 9 9 9 10 10 10 9 10 10 10 9 9 10 10 10 
8 8 8 8 9 9 9 9 8 8 8 8 8 8 8 8 8 8 8 9 10 11 8 10 9 8 7 6 6 3 6 6 7 8 10 8 7 7 7 7 10 11 12 13 14 14 15 15 15 15 15 15 12 9 9 9 9 9 9 9 9 9 9 10 10 10 10 10 10 10 10 10 11 10 10 
9 9 8 9 9 9 9 9 8 8 7 7 7 8 8 8 8 8 8 8 9 11 8 11 9 9 9 9 5 6 6 4 7 10 11 11 9 9 9 8 10 10 12 12 13 13 13 13 15 15 15 15 13 9 9 9 9 9 9 9 9 9 9 9 10 10 10 11 11 10 10 10 10 11 10 
9 8 8 8 8 8 9 8 8 8 7 7 7 7 8 8 8 8 8 8 8 9 8 11 11 9 9 9 7 7 7 6 6 7 10 12 12 12 11 11 9 10 12 13 13 13 13 14 14 15 15 15 14 9 9 9 9 9 9 9 9 9 9 9 10 10 10 10 10 9 10 9 9 10 10 
8 8 8 8 8 8 8 8 8 7 7 6 6 7 7 8 7 7 8 8 8 8 8 10 9 9 9 8 7 7 7 8 8 6 9 12 13 12 12 8 4 6 9 11 12 13 13 14 14 15 15 15 14 9 8 8 9 9 9 9 9 9 9 9 9 9 10 10 9 9 9 9 9 9 9 
7 8 8 8 8 8 8 8 8 8 6 6 7 7 7 7 8 8 7 7 8 8 8 10 9 9 10 9 8 6 6 7 7 6 8 10 12 13 11 6 7 7 7 7 9 12 13 13 14 14 14 14 12 8 8 8 8 8 8 8 9 9 9 9 9 9 9 9 9 8 8 8 9 9 8 
8 8 8 8 8 9 9 9 9 8 7 7 7 7 8 8 9 8 8 8 8 8 8 10 8 9 9 8 7 8 6 4 4 6 7 8 10 12 11 6 7 6 4 4 7 10 12 13 14 14 14 14 9 8 8 8 8 8 8 8 7 7 8 8 8 8 8 8 8 8 7 7 8 8 8 
9 9 10 10 10 10 11 10 10 9 9 8 9 9 10 10 10 9 9 9 8 8 6 9 8 8 6 7 10 11 8 4 3 3 4 8 10 12 11 6 6 3 4 7 12 12 12 14 14 14 14 14 9 8 8 8 8 8 8 7 7 7 7 8 8 8 8 8 8 8 7 7 8 8 8 
11 10 11 11 11 11 11 11 11 11 11 10 10 10 10 11 11 10 9 10 9 9 8 10 10 9 9 10 11 11 9 8 4 3 3 9 11 12 5 4 3 3 10 13 14 14 14 14 14 14 14 13 9 9 9 8 8 8 8 7 6 7 7 8 9 9 9 8 8 8 8 8 8 8 8 
11 11 11 11 11 11 11 11 12 11 11 11 10 11 11 11 11 10 10 10 11 11 9 9 10 9 9 10 11 11 10 9 6 3 2 7 10 12 5 3 4 10 12 14 14 14 13 13 14 14 14 12 9 9 9 9 9 8 8 7 7 7 8 9 9 9 9 9 7 8 8 8 8 8 9 
10 10 10 11 11 11 11 11 11 11 10 10 10 11 11 11 11 10 10 11 11 11 11 9 8 8 10 12 12 12 12 11 5 2 2 7 9 9 3 6 12 13 14 14 14 14 13 13 14 14 14 11 9 9 9 9 9 8 8 8 8 8 9 9 9 9 9 9 8 8 8 8 8 9 9 
9 9 9 10 10 11 11 11 9 9 9 9 9 9 9 10 9 9 9 10 11 11 9 7 6 8 11 12 13 13 13 12 5 1 2 3 4 2 7 12 13 14 14 14 14 14 13 13 13 14 13 9 8 9 9 9 9 8 8 8 9 9 9 9 10 10 9 9 9 9 8 8 8 8 8 
8 8 9 9 10 9 10 10 9 8 7 8 8 8 8 8 8 7 8 9 9 10 9 7 6 7 9 11 13 13 14 13 5 1 1 2 1 2 10 13 13 14 14 14 14 13 13 13 13 14 13 8 8 8 9 9 9 8 8 8 9 9 9 9 9 9 9 8 8 8 8 7 7 8 8 
7 8 9 9 8 9 9 9 9 8 7 7 8 7 7 6 6 6 6 7 8 7 8 6 4 6 8 11 12 13 14 14 5 1 1 1 1 4 10 12 12 12 13 13 13 12 12 12 13 13 11 7 7 7 8 9 9 9 8 8 8 8 9 9 9 9 8 8 8 8 7 6 6 7 7 
7 8 9 9 8 9 9 9 10 9 9 9 8 8 8 7 6 6 7 8 8 7 7 6 4 4 7 10 12 13 14 14 11 0 0 0 2 8 10 11 11 10 11 12 11 8 9 12 13 13 9 6 7 7 7 8 9 9 8 8 8 9 9 8 9 9 9 9 8 8 6 6 6 7 7 
7 9 10 9 10 10 10 10 11 11 10 10 9 8 9 9 8 8 8 9 7 7 8 6 4 4 7 10 12 13 14 14 13 0 0 1 3 8 9 9 9 7 9 10 11 9 9 10 12 12 8 6 6 7 7 7 8 8 8 8 9 9 9 5 8 10 9 9 8 7 6 6 7 7 8 
8 10 11 12 11 11 11 11 11 11 11 12 11 10 10 10 10 9 8 4 4 7 8 8 3 4 7 9 11 13 14 15 14 1 1 1 3 4 6 7 8 6 7 8 6 4 8 10 12 11 8 6 6 7 6 6 7 8 9 9 8 8 9 8 9 9 8 7 8 7 6 7 8 8 9 
9 10 11 12 12 11 11 11 11 11 11 12 11 11 10 10 9 9 7 4 6 7 8 7 3 3 6 8 11 12 14 15 15 5 1 2 2 3 3 3 3 3 7 5 2 4 10 12 12 9 8 7 4 6 6 6 6 7 7 7 7 7 8 8 8 8 7 7 7 7 8 8 9 7 3 
9 8 9 11 12 11 9 11 9 9 9 9 9 9 9 9 8 7 8 7 6 6 6 7 3 2 4 8 10 12 13 14 15 15 2 2 1 1 1 1 1 2 4 1 1 4 10 12 12 8 8 5 3 4 6 6 6 7 4 4 6 7 7 8 8 8 8 9 8 7 8 9 7 4 2 
10 8 7 10 11 9 9 10 8 7 8 9 8 9 8 7 6 6 7 6 6 6 4 7 6 1 3 4 7 10 12 14 15 15 5 1 1 1 0 1 1 3 2 1 2 6 10 12 11 7 8 4 4 4 7 8 8 7 6 7 6 8 8 8 8 8 7 10 8 6 8 9 6 4 4 
11 11 10 11 11 11 10 11 8 8 10 11 10 10 9 7 8 9 8 4 7 8 4 8 7 2 1 3 4 8 11 13 15 15 14 1 1 1 1 1 2 3 0 1 2 7 11 12 9 6 6 7 6 4 4 6 9 9 9 8 8 7 8 8 7 6 6 8 9 7 7 7 6 4 6 
11 11 11 11 9 7 10 11 8 9 11 11 9 9 8 9 11 9 8 4 7 7 4 7 6 2 1 2 4 7 10 13 14 15 15 1 0 1 1 1 2 1 0 1 3 7 12 13 9 7 7 10 10 6 2 6 10 11 9 7 7 6 7 9 6 6 10 11 7 9 6 8 6 7 4 
11 11 8 9 8 7 11 10 9 10 8 7 9 7 7 8 8 6 6 3 3 4 3 4 4 2 1 2 6 8 10 14 15 15 15 5 0 1 2 2 2 1 1 1 3 4 12 12 4 4 7 9 12 8 3 10 7 9 6 6 6 4 7 7 4 4 10 11 3 7 6 9 8 7 7 
7 11 11 6 9 11 9 9 6 4 8 7 7 4 4 3 5 6 4 3 3 3 1 1 1 1 1 2 3 7 12 14 15 15 15 13 6 6 7 4 2 1 3 3 3 4 2 7 6 8 7 7 11 5 7 7 6 7 6 4 4 7 4 7 6 4 9 9 4 4 4 7 7 8 9 
7 7 7 6 7 10 9 8 4 3 4 3 7 6 2 2 4 2 4 2 1 2 2 1 0 0 1 1 3 7 12 14 14 14 14 13 4 3 3 3 3 3 6 7 5 3 2 4 4 10 7 7 3 3 7 8 5 10 6 7 8 6 6 7 6 8 4 5 4 4 4 3 4 8 8 
4 4 4 7 6 10 7 6 5 4 4 4 6 7 3 3 6 2 2 2 1 1 2 2 2 1 1 0 3 10 12 13 13 14 12 11 4 3 2 2 3 4 5 3 4 6 6 6 7 8 7 8 6 4 7 8 4 7 6 8 10 9 8 9 8 8 6 8 2 3 6 3 7 8 7 
4 4 3 9 8 8 7 7 8 8 7 9 10 8 8 8 8 2 4 3 2 2 2 3 3 2 1 1 6 10 11 11 9 10 9 6 6 5 3 3 7 4 4 3 7 9 7 6 8 9 3 4 7 4 8 11 8 6 7 10 10 11 6 8 9 9 8 8 6 7 9 7 9 7 7 
3 6 5 8 6 6 6 6 4 4 7 9 9 11 9 6 8 8 9 6 7 8 7 6 6 8 6 6 9 11 8 7 4 7 8 7 7 7 6 6 6 4 4 8 9 8 6 4 10 8 4 6 6 8 8 7 7 8 8 9 10 11 7 7 8 10 11 9 7 7 10 9 7 8 9 
4 7 8 6 4 4 6 3 3 3 7 10 9 7 4 4 7 11 8 6 9 9 6 7 8 9 8 6 7 8 6 6 4 7 8 4 4 4 4 4 4 3 4 8 8 7 6 6 8 6 6 8 8 8 6 6 6 7 9 8 7 7 7 7 7 10 11 9 7 7 9 9 6 7 6 
3 4 8 8 4 4 4 3 2 3 4 7 8 6 4 8 8 8 7 6 6 6 6 7 6 7 7 7 8 6 4 3 4 7 6 4 3 3 4 4 3 3 4 6 7 6 6 6 7 6 7 8 7 6 4 4 4 7 8 7 6 4 6 7 8 9 9 9 8 6 6 7 6 6 6 
4 6 9 7 4 3 3 3 4 7 6 7 8 6 7 9 7 7 8 7 6 6 6 6 4 3 4 7 7 6 4 4 4 6 6 4 3 3 4 4 4 4 4 6 7 7 6 6 4 4 6 7 4 4 4 6 6 8 9 8 6 3 4 7 9 9 9 9 6 6 6 6 6 4 6 
4 7 8 4 3 3 4 6 7 9 6 6 7 8 8 8 6 6 7 7 6 6 4 4 3 3 3 6 6 7 7 6 3 4 4 4 3 3 4 4 4 4 4 4 6 6 4 4 4 6 6 6 4 4 6 8 8 9 9 8 4 3 3 4 4 7 7 7 6 6 7 7 6 6 7 
6 7 4 4 3 3 4 6 7 8 6 6 6 7 7 7 7 7 7 6 6 4 4 4 3 3 4 6 6 6 6 4 3 3 3 3 4 4 4 3 3 2 3 4 6 6 4 6 6 6 6 6 3 4 6 8 9 9 8 6 4 3 3 3 3 4 6 6 6 7 7 7 7 6 7 
